111
95
133
93
98
102
101
94
98
89
119
112
101
105
81
86
98
130
85
118
94
113
80
90
100
90
104
89
88
91
95
107
100
125
106
89
88
103
89
100
96
88
99
95
105
98
101
89
85
125
97
80
84
84
84
89
88
96
114
74
92
92
140
103
106
116
125
126
125
125
126
125
116
108
99
95
105
98
89
101
89
85
125
88
97
144
126
134
121
140
140
97
97
125
144
126
80
100
94
77
97
114
92
95
85
85
97
91
91
101
85
100
97
80
98
88
80
90
92
80
101
96
80
78
74
90
88
73
126
97
104
98
113
110
78
121
105
119
140
103
106
107
90
116
125
100
104
112
116
92
108
97
100
95
89
105
89
125
84
88
88
101
108
108
92
112
81
101
80
77
92
92
103
106
125
126
125
100
121
105
132
153
97
90
97
131
117
78
89
75
98
115
112
94
88
121
98
116
92
97
108
100
105
132
153
107
97
90