6265
1573
6711
5178
4156
1498
6753
8767
1304
512
7894
2112
3206
4235
4241
1665
9073
4777
6954
8867
6041
9149
6872
2316
8333
3528
7329
1234
5006
170
8334
3090
7199
1542
7204
7825
1369
5011
8668
3464
9234
4638
271
3989
7860
6342
4353
8845
4594
4730
869
6488
7485
8267
4365
9760
6208
7311
4529
207
8652
5791
3183
4337
4631
3604
8877
1782
6628
5742
8890
5670
3503
8332
8794
2471
1290
8166
4783
3289
6150
7522
1827
1938
2644
6199
6081
5466
8269
1818
7328
7734
4747
7049
843
4638
3182
7895
2754
9709
6245
519
8218
257
1648
9370
7131
167
3628
6305
8709
7164
7682
5842
59
4872
2872
9122
2556
3194
278
6081
632
7705
6489
6967
6359
3804
3210
2855
9513
398
1407
5380
4614
1171
7825
6443
6338
4310
8380
9385
967
2704
8607
2119
4498
4775
6314
470
8848
3214
6315
8910
6077
1450
8658
7145
4595
1568
7010
981
5005
5696
1440
8047
1921
5731
1327
3107
5587
3852
7662
790
3818
3965
4470
5384
177
6910
9818
2443
1462
8731
5213
640
7014
2187
6227
3127
1913
1187
6213
997
4099
6507
295
435
5420
9129
3126
9930
4721
1456
7809
2952
9895
6571
9128
6676
5057
6742
8577
8814
7393
5210
3349
2697
424
5006
9798
8686
6183
4694
812
6867
6012
4420
1651
9349
6160
3847
1819
2792
9720
6336
3499
4275
9267
8385
1594
8124
3278
4165
8768
8055
4188
4005
9731
159
1613
6347
4460
3249
6318
438
5986
8547
6658
4430
9914
3190
2660
6292
2907
9610
9461
780
8463
6154
5119
506
6363
8285
6254
2633
4281
2768
8896
149
8567
1455
6459
1128
1371
4148
6745
2501
7765
8127
2179
3440
4801
511
9028
7900
4482
6673
8593
8697
330
3562
5907
4382
2841
7907
5481
4265
9841
8461
112
8549
9869
1278
2228
970
9162
16
2359
9110
1466
1082
8515
831
3066
7027
9285
4065
8708
5023
1497
3733
5705
4721
1358
3384
2291
5854
7893
3409
2984
972
4549
4846
1506
9289
4232
4168
6843
4743
3411
3918
9116
9402
1248
236
6072
9929
2373
9201
5484
3111
6503
6579
3271
4392
3779
790
5839
6418
1841
3422
3585
313
6855
4748
9486
4955
1492
9226
4915
7518
8734
5718
997
6945
828
7695
3446
4093
5093
4711
3900
1411
1289
5295
3981
8910
1844
783
1438
2668
3986
6658
2140
7010
3294
9252
8519
4631
7514
6357
195
5909
3086
4592
9311
3726
5984
5436
1604
6196
3315
8885
2476
4728
8207
5740
7089
1318
4084
4760
2773
7339
3564
127
547
7698
4277
1833
1673
3608
6263
5187
1427
5134
3909
9365
7353
5379
8030
3585
7405
4675
455
7717
9250
5677
8141
7917
8883
3434
8704
795
8282
8038
1798
6315
8517
4621
6032
525
2850
9643
5508
916
8931
3318
7658
7503
1339
1323
7207
834
9856
7600
4393
6713
8086
1421
6781
6193
2319
5948
7885
4290
486
2671
2776
1009